0.209172 -0.00945649
0.834081 -0.0220063
1.47906 -0.0123498
2.15593 0.0486662
2.8793 0.142998
3.64792 0.2516
4.46655 0.425119
5.32016 0.589523
6.22885 0.795588
7.1833 1.02388
8.21658 1.26023
9.26918 1.55171
10.3612 1.85538
11.5127 2.22721
12.6898 2.62211
13.8936 3.05898
15.1872 3.5129
16.4983 4.01908
17.8485 4.52934
19.2416 5.08331
20.6663 5.63747
22.1391 6.23717
23.6435 6.89745
25.1541 7.60483
26.6836 8.33481
28.2443 9.12039
29.8262 9.96929
31.4407 10.827
33.0854 11.769
34.7517 12.727
36.4391 13.7283
38.1947 14.7635
39.9922 15.8396
41.8142 16.913
43.6403 18.0347
45.4566 19.1682
47.2366 20.3439
49.0025 21.5809
50.7069 22.8191
52.4245 24.1138
54.1425 25.4013
55.8459 26.723
57.5578 28.0386
59.2332 29.4408
60.8984 30.8147
62.5528 32.247
64.1998 33.7216
65.8154 35.2418
67.4062 36.799
69.0132 38.4154
70.5703 40.0493
72.1467 41.7137
73.7012 43.4457
75.2262 45.2058
76.7541 46.9844
78.2801 48.7887
79.7928 50.6149
81.3055 52.493
82.8141 54.3973
84.261 56.3756
85.6443 58.3916
87.0367 60.4786
88.3637 62.5803
89.6446 64.7557
90.8489 66.9361
92.0467 69.1727
93.2195 71.4416
94.3444 73.7164
95.4458 76.0331
96.5234 78.3285
97.5577 80.5988
98.5981 82.8797
99.5718 85.1011
100.552 87.3132
101.506 89.51
102.429 91.6443
103.327 93.6941
104.226 95.7625
105.16 97.7733
106.138 99.7695
107.124 101.719
108.16 103.637
109.249 105.52
110.392 107.317
111.58 109.055
112.768 110.76
113.996 112.391
115.234 113.952
116.484 115.467
117.748 116.92
119.042 118.344
120.316 119.7
121.6 121.001
122.875 122.242
124.134 123.437
125.433 124.554
126.742 125.611
128.102 126.644
129.485 127.579
130.904 128.521
132.333 129.429
133.811 130.318
135.327 131.155
136.874 132.009
138.469 132.855
140.127 133.699
141.851 134.555
143.601 135.368
145.41 136.184
147.3 136.98
149.235 137.743
151.286 138.434
153.39 139.036
155.576 139.577
157.802 139.997
160.131 140.334
162.5 140.572
164.923 140.714
167.401 140.779
169.946 140.734
172.517 140.589
175.132 140.342
177.769 140.006
180.437 139.554
183.14 139.002
185.855 138.345
188.583 137.597
191.308 136.753
194.02 135.796
196.704 134.718
199.357 133.505
202.006 132.146
204.586 130.619
207.057 128.948
209.477 127.116
211.808 125.17
214.036 123.14
216.208 120.968
218.29 118.73
220.278 116.429
222.12 114.098
223.821 111.713
225.384 109.295
226.81 106.829
228.083 104.361
229.193 101.873
230.209 99.3685
231.099 96.9205
231.854 94.4774
232.516 92.0422
233.077 89.6169
233.505 87.2279
233.874 84.8799
234.138 82.5292
234.307 80.2281
234.437 77.964
234.544 75.7609
234.597 73.6417
234.631 71.4973
234.673 69.4165
234.72 67.3686
234.776 65.3398
234.846 63.3411
234.931 61.3247
235.032 59.3602
235.165 57.3975
235.342 55.4758
235.535 53.5497
235.775 51.5889
236.027 49.6923
236.289 47.8051
236.575 45.9341
236.892 44.0733
237.242 42.2309
237.629 40.4042
238.041 38.569
238.449 36.6861
238.875 34.7989
239.322 32.8968
239.775 30.9802
240.249 29.0905
240.749 27.187
241.285 25.2792
241.857 23.3945
242.481 21.5164
243.14 19.6752
243.862 17.8329
244.596 16.0216
245.375 14.2259
246.167 12.4446
246.995 10.6955
247.844 8.97028
248.722 7.2787
249.626 5.60358
250.565 3.94655
251.516 2.34174
252.491 0.742853
253.507 -0.829248
254.547 -2.38909
255.613 -3.9808
256.671 -5.54809
257.741 -7.13386
258.828 -8.71589
259.925 -10.3136
261.021 -11.9085
262.142 -13.5216
263.259 -15.1454
264.39 -16.7888
265.521 -18.3879
266.641 -20.0064
267.779 -21.6075
268.924 -23.2179
270.08 -24.7944
271.25 -26.3237
272.461 -27.8578
273.698 -29.3903
274.969 -30.8756
276.273 -32.3531
277.628 -33.8035
279.042 -35.2371
280.502 -36.6695
282.004 -38.0562
283.567 -39.4244
285.174 -40.7551
286.838 -42.0584
288.552 -43.3029
290.31 -44.5281
292.109 -45.7436
293.943 -46.9331
295.818 -48.0896
297.703 -49.2158
299.6 -50.3583
301.521 -51.5112
303.471 -52.682
305.417 -53.853
307.372 -55.0083
309.362 -56.1741
311.351 -57.3041
313.366 -58.3813
315.396 -59.3872
317.443 -60.3264
319.521 -61.2131
321.593 -62.0393
323.679 -62.7797
325.771 -63.4916
327.863 -64.2134
329.971 -64.9144
332.065 -65.5866
334.18 -66.2296
336.29 -66.829
338.375 -67.4004
340.45 -67.9665
342.487 -68.4879
344.494 -69.0532
346.436 -69.6683
348.296 -70.3091
350.099 -70.9327
351.891 -71.5621
353.693 -72.1344
355.51 -72.6796
357.316 -73.1343
359.129 -73.4848
360.963 -73.7236
362.792 -73.8504
364.616 -73.8716
366.458 -73.76
368.277 -73.5754
370.143 -73.2955
372.007 -73.0028
373.909 -72.691
375.875 -72.4056
377.871 -72.1453
379.921 -71.8721
382.025 -71.5926
384.174 -71.2961
386.372 -70.9954
388.565 -70.7078
390.8 -70.4164
393.069 -70.0968
395.248 -69.7371
397.468 -69.3166
399.687 -68.8574
401.843 -68.3522
403.993 -67.8284
406.132 -67.2528
408.268 -66.6532
410.392 -66.0469
412.505 -65.4239
414.6 -64.7758
416.747 -64.0953
418.861 -63.4471
420.994 -62.7815
423.15 -62.0988
425.295 -61.4089
427.431 -60.6925
429.544 -59.9906
431.679 -59.2998
433.801 -58.6104
435.908 -57.9407
438.011 -57.2805
440.112 -56.6316
442.179 -55.9995
444.222 -55.3736
446.268 -54.7747
448.283 -54.1684
450.27 -53.5545
452.234 -52.953
454.178 -52.3558
456.107 -51.7741
457.993 -51.1899
459.873 -50.6006
461.74 -50.0039
463.582 -49.4474
465.408 -48.8747
467.209 -48.3046
469 -47.7256
470.784 -47.1707
472.508 -46.6034
474.203 -46.0659
475.848 -45.5527
477.435 -45.0427
478.988 -44.543
480.515 -44.0693
482.047 -43.6004
483.556 -43.1614
485.083 -42.7437
486.624 -42.3616
488.164 -42.0416
489.713 -41.7941
491.286 -41.6315
492.839 -41.5678
494.411 -41.5847
495.993 -41.6953
497.582 -41.8642
499.188 -42.1383
500.783 -42.4844
502.391 -42.9061
503.994 -43.3713
505.584 -43.903
507.172 -44.5216
508.76 -45.1802
510.315 -45.9028
511.864 -46.6707
513.373 -47.5252
514.86 -48.4414
516.29 -49.4475
517.664 -50.526
518.972 -51.6845
520.203 -52.8847
521.388 -54.1402
522.552 -55.4536
523.645 -56.8082
524.713 -58.2149
525.724 -59.6784
526.667 -61.202
527.53 -62.8066
528.341 -64.4665
529.056 -66.1767
529.699 -67.9352
530.268 -69.7572
530.724 -71.6377
531.077 -73.5753
531.338 -75.5344
531.508 -77.5251
531.574 -79.5672
531.543 -81.6149
531.408 -83.6989
531.176 -85.7714
530.819 -87.8846
530.389 -89.9809
529.87 -92.0868
529.269 -94.1829
528.572 -96.2677
527.765 -98.3524
526.884 -100.439
525.95 -102.489
524.969 -104.577
523.99 -106.664
523 -108.802
521.999 -110.945
520.972 -113.099
519.928 -115.278
518.844 -117.508
517.784 -119.729
516.693 -121.981
515.579 -124.252
514.467 -126.533
513.343 -128.835
512.2 -131.178
511.029 -133.572
509.881 -135.961
508.692 -138.376
507.488 -140.82
506.284 -143.284
505.047 -145.801
503.823 -148.32
502.595 -150.868
501.353 -153.388
500.079 -155.934
498.827 -158.474
497.584 -161.003
496.331 -163.537
495.056 -166.101
493.829 -168.647
492.605 -171.188
491.398 -173.7
490.206 -176.226
489.015 -178.742
487.82 -181.259
486.623 -183.753
485.417 -186.231
484.199 -188.692
482.997 -191.104
481.774 -193.506
480.539 -195.884
479.33 -198.211
478.135 -200.452
476.963 -202.638
475.829 -204.755
474.748 -206.774
473.696 -208.748
472.712 -210.667
471.789 -212.573
470.96 -214.461
470.216 -216.357
469.539 -218.302
468.951 -220.212
468.444 -222.206
468.025 -224.208
467.696 -226.185
467.428 -228.196
467.278 -230.215
467.213 -232.258
467.277 -234.317
467.459 -236.374
467.798 -238.442
468.237 -240.512
468.81 -242.582
469.488 -244.645
470.276 -246.638
471.199 -248.62
472.247 -250.598
473.382 -252.511
474.624 -254.392
475.964 -256.194
477.382 -258.006
478.862 -259.787
480.406 -261.553
481.964 -263.269
483.557 -264.965
485.152 -266.638
486.753 -268.301
488.342 -269.941
489.933 -271.573
491.517 -273.198
493.039 -274.775
494.466 -276.329
495.839 -277.842
497.116 -279.359
498.308 -280.864
499.403 -282.353
500.393 -283.782
501.294 -285.152
502.133 -286.537
502.845 -287.911
503.433 -289.304
503.897 -290.712
504.244 -292.16
504.488 -293.641
504.593 -295.125
504.568 -296.613
504.428 -298.077
504.152 -299.535
503.804 -300.986
503.396 -302.421
502.926 -303.842
502.417 -305.244
501.852 -306.634
501.2 -308.012
500.484 -309.332
499.678 -310.588
498.749 -311.801
497.743 -312.909
496.664 -313.906
495.516 -314.774
494.361 -315.525
493.147 -316.206
491.901 -316.825
490.6 -317.378
489.278 -317.84
487.943 -318.228
486.578 -318.523
485.171 -318.72
483.739 -318.842
482.298 -318.876
480.8 -318.786
479.286 -318.597
477.745 -318.343
476.18 -318.053
474.608 -317.709
472.97 -317.307
471.294 -316.853
469.614 -316.384
467.894 -315.914
466.13 -315.435
464.342 -314.95
462.527 -314.461
460.655 -313.918
458.778 -313.373
456.855 -312.813
454.922 -312.245
452.975 -311.676
451.025 -311.09
449.077 -310.482
447.104 -309.894
445.145 -309.329
443.184 -308.784
441.225 -308.253
439.235 -307.749
437.221 -307.272
435.223 -306.853
433.233 -306.48
431.238 -306.184
429.239 -305.934
427.263 -305.745
425.255 -305.618
423.248 -305.551
421.257 -305.525
419.251 -305.543
417.235 -305.617
415.217 -305.731
413.211 -305.887
411.225 -306.101
409.225 -306.354
407.243 -306.641
405.258 -306.998
403.302 -307.364
401.374 -307.761
399.453 -308.165
397.538 -308.613
395.654 -309.07
393.84 -309.537
392.076 -310.02
390.36 -310.514
388.759 -311.016
387.25 -311.514
385.835 -311.996
384.515 -312.45
383.205 -312.879
381.912 -313.292
380.651 -313.672
379.382 -314
378.108 -314.226
376.837 -314.386
375.57 -314.43
374.324 -314.342
373.088 -314.144
371.841 -313.819
370.607 -313.383
369.423 -312.813
368.257 -312.137
367.111 -311.351
366.004 -310.475
364.896 -309.49
363.765 -308.471
362.644 -307.375
361.494 -306.195
360.295 -304.954
359.063 -303.703
357.764 -302.448
356.432 -301.129
355.067 -299.808
353.64 -298.429
352.205 -297.023
350.728 -295.611
349.234 -294.185
347.681 -292.733
346.132 -291.295
344.548 -289.864
342.942 -288.445
341.325 -287.036
339.686 -285.69
337.971 -284.391
336.215 -283.171
334.424 -281.975
332.569 -280.824
330.716 -279.717
328.799 -278.647
326.865 -277.61
324.899 -276.606
322.92 -275.634
320.893 -274.677
318.85 -273.714
316.766 -272.747
314.66 -271.769
312.566 -270.809
310.427 -269.834
308.247 -268.852
306.051 -267.839
303.853 -266.853
301.605 -265.855
299.381 -264.853
297.091 -263.793
294.838 -262.693
292.587 -261.531
290.339 -260.318
288.114 -259.054
285.878 -257.753
283.633 -256.41
281.42 -255.056
279.185 -253.702
276.943 -252.347
274.668 -250.941
272.409 -249.54
270.142 -248.148
267.857 -246.736
265.564 -245.291
263.259 -243.846
260.924 -242.36
258.592 -240.898
256.266 -239.436
253.886 -237.952
251.517 -236.463
249.128 -234.974
246.739 -233.48
244.309 -231.945
241.917 -230.428
239.453 -228.886
237.01 -227.346
234.561 -225.772
232.129 -224.188
229.678 -222.593
227.233 -220.979
224.806 -219.365
222.365 -217.742
219.915 -216.123
217.474 -214.518
215.023 -212.929
212.571 -211.341
210.101 -209.772
207.632 -208.209
205.156 -206.654
202.676 -205.113
200.195 -203.581
197.679 -202.073
195.175 -200.618
192.641 -199.206
190.064 -197.809
187.495 -196.463
184.904 -195.134
182.314 -193.824
179.72 -192.535
177.111 -191.281
174.49 -190.02
171.851 -188.774
169.211 -187.522
166.591 -186.304
163.931 -185.115
161.27 -183.927
158.62 -182.726
155.956 -181.525
153.307 -180.349
150.65 -179.169
147.985 -177.999
145.313 -176.841
142.649 -175.683
139.975 -174.53
137.312 -173.364
134.659 -172.18
132.054 -170.964
129.468 -169.685
126.894 -168.373
124.358 -166.992
121.902 -165.562
119.455 -164.079
117.065 -162.532
114.696 -160.931
112.371 -159.297
110.053 -157.593
107.786 -155.858
105.573 -154.133
103.33 -152.358
101.111 -150.567
98.8999 -148.76
96.6884 -146.909
94.4946 -145.02
92.3427 -143.098
90.1991 -141.131
88.0806 -139.179
85.9466 -137.201
83.8034 -135.236
81.6417 -133.268
79.4962 -131.313
77.3339 -129.326
75.1607 -127.357
72.9812 -125.373
70.8283 -123.391
68.6673 -121.398
66.5132 -119.407
64.3507 -117.363
62.2097 -115.325
60.0452 -113.252
57.9151 -111.195
55.7789 -109.119
53.6294 -107.041
51.4878 -104.95
49.3579 -102.864
47.1917 -100.782
45.0377 -98.6839
42.9189 -96.6066
40.7681 -94.5149
38.6219 -92.435
36.4767 -90.3874
34.3151 -88.3136
32.1796 -86.268
30.0113 -84.2034
27.8565 -82.1629
25.7089 -80.1366
23.5548 -78.1071
21.3957 -76.1007
19.2439 -74.0779
17.0864 -72.0429
14.911 -70.0234
12.7635 -68.0081
10.6096 -66.0013
8.45441 -63.9987
6.29671 -61.9924
4.11086 -59.9929
1.94648 -58.004
-0.217714 -55.9866
-2.3663 -54.0034
-4.51117 -52.0455
-6.64822 -50.1065
-8.78498 -48.1428
-10.8925 -46.2062
-12.9466 -44.3174
-14.9785 -42.4557
-17.0516 -40.5921
-19.1087 -38.8074
-21.0412 -37.1122
-22.9762 -35.4458
-24.8805 -33.8803
-26.7002 -32.3827
-28.4376 -30.9708
-30.1148 -29.6605
-31.6722 -28.3936
-33.0946 -27.1918
-34.3744 -26.0588
-35.5147 -24.9526
-36.5237 -23.8805
-37.3082 -22.7742
-37.9399 -21.6855
-38.4244 -20.6125
-38.8038 -19.5296
-39.0872 -18.4084
-39.1964 -17.279
-39.1659 -16.2197
-39.0315 -15.2013
-38.7739 -14.2206
-38.4186 -13.2659
-37.9534 -12.3694
-37.3584 -11.5012
-36.6806 -10.6831
-35.8929 -9.89912
-34.9995 -9.18301
-34.0015 -8.54842
-32.9239 -7.97913
-31.7611 -7.48104
-30.51 -7.02459
-29.218 -6.65915
-27.8538 -6.33305
-26.4462 -6.0268
-24.9871 -5.75032
-23.5054 -5.47265
-21.9612 -5.17594
-20.3978 -4.89549
-18.7912 -4.59658
-17.1329 -4.29267
-15.4367 -4.01048
-13.7472 -3.71759
-12.0764 -3.45026
-10.4238 -3.17969
-8.82474 -2.91254
-7.27153 -2.66361
-5.72584 -2.37369
-4.2154 -2.08518
-2.76047 -1.82516
-1.31518 -1.51958
0.124775 -1.21112
1.45981 -0.912888
2.78605 -0.753378
4.20506 -0.237123
5.60301 0.181909
6.98286 0.628435
8.36231 1.09064
9.75907 1.60795
